function f = Foxholes(x)
a = [
    -32	-16	0	16	32	-32	-16	0	16	32	-32	-16	0	16	32	-32	-16	0	16	32	-32	-16	0	16	32
    -32	-32	-32	-32	-32	-16	-16	-16	-16	-16	0	0	0	0	0	16	16	16	16	16	32	32	32	32	32
    ];
jj = 1:25;
f = (1/500 + sum(1./(jj + sum((x - a).^6))))^-1;
f = -f;